,l,epoch,type,average,cr
0,0.0004,5,pureml,15.250305209280555,55.79844921108674
1,0.0004,5,robd,0.8303843795602875,0.9173350184291739
2,0.0004,5,mlrobd,0.8303843795602875,0.9173350184291739
3,0.0004,5,ml2robd,2.4769901174562454,7.445382470271866
4,0.0004,5,ecl20,4.189582060132441,14.040623188257467
5,0.0004,10,pureml,8.660607496706932,31.566986721153604
6,0.0004,10,robd,0.8303843795602875,0.9173350184291739
7,0.0004,10,mlrobd,0.8303843795602875,0.9173350184291739
8,0.0004,10,ml2robd,1.4084675442367858,3.709247966697821
9,0.0004,10,ecl20,2.1979532082655138,6.91635952305967
10,0.0004,20,pureml,4.968259436936137,17.123033681171965
11,0.0004,20,robd,0.8303843795602875,0.9173350184291739
12,0.0004,20,mlrobd,0.8303843795602875,0.9173350184291739
13,0.0004,20,ml2robd,0.8332257837186293,1.6530798711737678
14,0.0004,20,ecl20,1.1124132802389732,2.870836961912313
15,0.0004,40,pureml,4.273430898050898,14.198943498596952
16,0.0004,40,robd,0.8303843795602875,0.9173350184291739
17,0.0004,40,mlrobd,0.8303843795602875,0.9173350184291739
18,0.0004,40,ml2robd,0.7841799318746471,1.416195506654771
19,0.0004,40,ecl20,1.03885379959097,2.5197040621787976
20,0.0004,80,pureml,3.250889489096215,10.080189198849316
21,0.0004,80,robd,0.8303843795602875,0.9173350184291739
22,0.0004,80,mlrobd,0.8303843795602875,0.9173350184291739
23,0.0004,80,ml2robd,0.7245874645986724,1.0864620057977405
24,0.0004,80,ecl20,0.9345533999116554,1.9839523679071023
