,l,epoch,type,average,cr
0,0.0004,5,pureml,15.250305209280555,55.79844921108674
1,0.0004,5,mlrobd,0.8303906949062636,0.9173356611840738
2,0.0004,5,ecl20,0.8303845683285448,0.9173356611840738
3,0.0004,10,pureml,8.660607496706932,31.566986721153604
4,0.0004,10,mlrobd,0.830384569716104,0.9173356611840738
5,0.0004,10,ecl20,0.8303845683285448,0.9173356611840738
6,0.0004,20,pureml,4.968259436936137,17.123033681171965
7,0.0004,20,mlrobd,0.8303269406434729,0.9173356611840738
8,0.0004,20,ecl20,0.8303845683285448,0.9173356611840738
9,0.0004,40,pureml,4.273430898050898,14.198943498596952
10,0.0004,40,mlrobd,0.8303629243133149,0.9173356611840738
11,0.0004,40,ecl20,0.8303845683285448,0.9173356611840738
12,0.0004,80,pureml,3.250889489096215,10.080189198849316
13,0.0004,80,mlrobd,0.8303940721968274,0.9173356611840738
14,0.0004,80,ecl20,0.8303845683285448,0.9173356611840738
