,l,epoch,type,average,cr
0,0.0004,5,pureml,4.1405481887643925,148.32210575226466
1,0.0004,5,mlrobd,0.806862031135202,0.9411621756715516
2,0.0004,5,ecl20,0.8068669989013808,0.9411621756715516
3,0.0004,10,pureml,2.993341458050143,104.07695746997784
4,0.0004,10,mlrobd,0.8068691897836556,0.9411621756715516
5,0.0004,10,ecl20,0.8068644142934535,0.9411621756715516
6,0.0004,20,pureml,1.4264598521717138,26.079048062560425
7,0.0004,20,mlrobd,0.8071905384960597,0.9411621756715516
8,0.0004,20,ecl20,0.8068690706280383,0.9411621756715516
9,0.0004,40,pureml,0.9992113294525269,6.145417506405653
10,0.0004,40,mlrobd,0.8096480231363121,0.9411621756715516
11,0.0004,40,ecl20,0.8068723207975751,0.9411621756715516
12,0.0004,80,pureml,0.9152852473211827,2.8899313126112536
13,0.0004,80,mlrobd,0.8099086228370813,0.9411621756715516
14,0.0004,80,ecl20,0.8068722047009697,0.9411621756715516
