,l,epoch,type,average,cr
0,0.0004,5,pureml,4.1405481887643925,148.32210575226466
1,0.0004,5,robd,0.8068776902210879,0.941161940667771
2,0.0004,5,mlrobd,0.8068776902210879,0.941161940667771
3,0.0004,5,ml2robd,1.02952140354648,25.125322457555104
4,0.0004,5,ecl20,1.467610300174037,47.26947451042697
5,0.0004,10,pureml,2.993341458050143,104.07695746997784
6,0.0004,10,robd,0.8068776902210879,0.941161940667771
7,0.0004,10,mlrobd,0.8068776902210879,0.941161940667771
8,0.0004,10,ml2robd,0.9009167700180534,17.050518722309047
9,0.0004,10,ecl20,1.4231050713828588,45.57086068687923
10,0.0004,20,pureml,1.4264598521717138,26.079048062560425
11,0.0004,20,robd,0.8068776902210879,0.941161940667771
12,0.0004,20,mlrobd,0.8068776902210879,0.941161940667771
13,0.0004,20,ml2robd,0.7993451982785704,2.8023206281395954
14,0.0004,20,ecl20,0.9475708559566148,14.453842224721962
15,0.0004,40,pureml,0.9992113294525269,6.145417506405653
16,0.0004,40,robd,0.8068776902210879,0.941161940667771
17,0.0004,40,mlrobd,0.8068776902210879,0.941161940667771
18,0.0004,40,ml2robd,0.7905571303492566,1.1864337302375283
19,0.0004,40,ecl20,0.906902098562194,3.30044832814442
20,0.0004,80,pureml,0.9152852473211827,2.8899313126112536
21,0.0004,80,robd,0.8068776902210879,0.941161940667771
22,0.0004,80,mlrobd,0.8068776902210879,0.941161940667771
23,0.0004,80,ml2robd,0.7981473911903016,1.127197028441657
24,0.0004,80,ecl20,0.8708348510078846,2.8130006645027215
