,l,epoch,type,average,cr
0,0.0004,5,pureml,2.084380407179522,9.442192880335352
1,0.0004,5,robd,0.8020809900628889,0.927275580785843
2,0.0004,5,mlrobd,0.8020809900628889,0.927275580785843
3,0.0004,5,ml2robd,0.6634843672726772,1.9171827988634607
4,0.0004,5,ecl20,0.7802008705465894,2.9826033055924306
5,0.0004,10,pureml,1.5787653156657966,7.06717091290015
6,0.0004,10,robd,0.8020809900628889,0.927275580785843
7,0.0004,10,mlrobd,0.8020809900628889,0.927275580785843
8,0.0004,10,ml2robd,0.6593463964290127,1.4123474329357082
9,0.0004,10,ecl20,0.7594430028399161,2.868688995314202
10,0.0004,20,pureml,1.0790452399322694,3.4337129340685055
11,0.0004,20,robd,0.8020809900628889,0.927275580785843
12,0.0004,20,mlrobd,0.8020809900628889,0.927275580785843
13,0.0004,20,ml2robd,0.7652209317222117,1.1195969267219403
14,0.0004,20,ecl20,0.7466354025880146,1.8994269370036512
15,0.0004,40,pureml,0.9123288218347952,2.5324831198893643
16,0.0004,40,robd,0.8020809900628889,0.927275580785843
17,0.0004,40,mlrobd,0.8020809900628889,0.927275580785843
18,0.0004,40,ml2robd,0.778594061598445,1.0902902412324529
19,0.0004,40,ecl20,0.8633733089629112,2.7783724989770437
20,0.0004,80,pureml,0.8808904586400736,2.2297743316103267
21,0.0004,80,robd,0.8020809900628889,0.927275580785843
22,0.0004,80,mlrobd,0.8020809900628889,0.927275580785843
23,0.0004,80,ml2robd,0.7880900998067372,1.0699570690706361
24,0.0004,80,ecl20,0.8411104015331055,2.132106173952232
