,l,epoch,type,average,cr
0,0.0004,5,pureml,2.084380407179522,9.442192880335352
1,0.0004,5,mlrobd,0.802068216751419,0.9272757851989233
2,0.0004,5,ecl20,0.8020795106648778,0.9272757851989233
3,0.0004,10,pureml,1.5787653156657966,7.06717091290015
4,0.0004,10,mlrobd,0.8020596473214552,0.9272757851989233
5,0.0004,10,ecl20,0.8020711991828612,0.9272757851989233
6,0.0004,20,pureml,1.0790452399322694,3.4337129340685055
7,0.0004,20,mlrobd,0.8023687656038445,0.9272757851989233
8,0.0004,20,ecl20,0.8020744674923946,0.9272757851989233
9,0.0004,40,pureml,0.9123288218347952,2.5324831198893643
10,0.0004,40,mlrobd,0.8052675944480466,0.9272757851989233
11,0.0004,40,ecl20,0.8020714781236723,0.9272757851989233
12,0.0004,80,pureml,0.8808904586400736,2.2297743316103267
13,0.0004,80,mlrobd,0.8058599601103204,0.9272757851989233
14,0.0004,80,ecl20,0.8020805924473284,0.9272757851989233
