,epoch,type,loss,loss_ml,loss_calib
0,0,ecl20,27.03577423095703,2.0,64.58943176269531
1,1,ecl20,27.03602409362793,2.0,64.59005737304688
2,2,ecl20,27.0450382232666,2.0,64.61259460449219
3,3,ecl20,27.08000373840332,2.0,64.70000457763672
4,4,ecl20,27.08031463623047,2.0,64.7007827758789
5,5,ecl20,27.01487922668457,2.0,64.53719329833984
6,6,ecl20,27.053709030151367,2.0,64.63426971435547
7,7,ecl20,27.05158805847168,2.0,64.62896728515625
8,8,ecl20,27.041770935058594,2.0,64.60442352294922
9,9,ecl20,27.05628776550293,2.0,64.64071655273438
10,10,ecl20,27.060382843017578,2.0,64.65095520019531
11,11,ecl20,27.05954360961914,2.0,64.64885711669922
12,12,ecl20,27.054597854614258,2.0,64.63648986816406
13,13,ecl20,27.050159454345703,2.0,64.62539672851562
14,14,ecl20,27.048561096191406,2.0,64.62139892578125
15,15,ecl20,27.047855377197266,2.0,64.61963653564453
16,16,ecl20,27.04704475402832,2.0,64.61760711669922
17,17,ecl20,27.046472549438477,2.0,64.61618041992188
18,18,ecl20,27.046125411987305,2.0,64.61531066894531
19,19,ecl20,27.04563331604004,2.0,64.61408233642578
20,20,ecl20,27.044227600097656,2.0,64.61056518554688
21,21,ecl20,27.042688369750977,2.0,64.60671997070312
22,22,ecl20,27.042753219604492,2.0,64.60688018798828
23,23,ecl20,27.04216766357422,2.0,64.60541534423828
24,24,ecl20,27.042564392089844,2.0,64.60640716552734
25,25,ecl20,27.04185676574707,2.0,64.6046371459961
26,26,ecl20,27.042024612426758,2.0,64.60505676269531
27,27,ecl20,27.041568756103516,2.0,64.60391998291016
28,28,ecl20,27.04203224182129,2.0,64.6050796508789
29,29,ecl20,27.04120635986328,2.0,64.60301208496094
30,30,ecl20,27.0412540435791,2.0,64.60313415527344
31,31,ecl20,27.04098892211914,2.0,64.60247039794922
32,32,ecl20,27.04126739501953,2.0,64.60316467285156
33,33,ecl20,27.04060173034668,2.0,64.60150146484375
34,34,ecl20,27.040775299072266,2.0,64.60193634033203
35,35,ecl20,27.04033851623535,2.0,64.60084533691406
36,36,ecl20,27.0407657623291,2.0,64.60191345214844
37,37,ecl20,27.039981842041016,2.0,64.5999526977539
38,38,ecl20,27.040103912353516,2.0,64.60025787353516
39,39,ecl20,27.0397891998291,2.0,64.59947204589844
40,40,ecl20,27.04002571105957,2.0,64.60005950927734
41,41,ecl20,27.039466857910156,2.0,64.59866333007812
42,42,ecl20,27.039865493774414,2.0,64.59966278076172
43,43,ecl20,27.03925895690918,2.0,64.59814453125
44,44,ecl20,27.039609909057617,2.0,64.5990219116211
45,45,ecl20,27.039112091064453,2.0,64.5977783203125
46,46,ecl20,27.039283752441406,2.0,64.59820556640625
47,47,ecl20,27.039060592651367,2.0,64.59764862060547
48,48,ecl20,27.03911590576172,2.0,64.59778594970703
49,49,ecl20,27.039024353027344,2.0,64.5975570678711
50,50,ecl20,27.039039611816406,2.0,64.59759521484375
51,51,ecl20,27.03898048400879,2.0,64.59745025634766
52,52,ecl20,27.038990020751953,2.0,64.59747314453125
53,53,ecl20,27.038944244384766,2.0,64.59735870361328
54,54,ecl20,27.0389347076416,2.0,64.59733581542969
55,55,ecl20,27.038904190063477,2.0,64.59725952148438
56,56,ecl20,27.038904190063477,2.0,64.59725952148438
57,57,ecl20,27.038881301879883,2.0,64.59719848632812
58,58,ecl20,27.03888702392578,2.0,64.59721374511719
59,59,ecl20,27.038827896118164,2.0,64.5970687866211
60,60,ecl20,27.038867950439453,2.0,64.59716796875
61,61,ecl20,27.038719177246094,2.0,64.59679412841797
62,62,ecl20,27.0389347076416,2.0,64.59733581542969
63,63,ecl20,27.03844451904297,2.0,64.59610748291016
64,64,ecl20,27.039020538330078,2.0,64.59754943847656
65,65,ecl20,27.039026260375977,2.0,64.59756469726562
66,66,ecl20,27.038576126098633,2.0,64.596435546875
67,67,ecl20,27.03895378112793,2.0,64.59738159179688
68,68,ecl20,27.038965225219727,2.0,64.597412109375
69,69,ecl20,27.038331985473633,2.0,64.5958251953125
70,70,ecl20,27.03895378112793,2.0,64.59738159179688
71,71,ecl20,27.039186477661133,2.0,64.59796142578125
72,72,ecl20,27.03940200805664,2.0,64.59850311279297
73,73,ecl20,27.03934097290039,2.0,64.59835052490234
74,74,ecl20,27.039325714111328,2.0,64.59831237792969
75,75,ecl20,27.039350509643555,2.0,64.59837341308594
76,76,ecl20,27.039329528808594,2.0,64.59832000732422
77,77,ecl20,27.039329528808594,2.0,64.59832000732422
78,78,ecl20,27.039339065551758,2.0,64.59834289550781
79,79,ecl20,27.039339065551758,2.0,64.59834289550781
