,epoch,type,loss,loss_ml,loss_calib
0,0,pureml,428.3308410644531,428.3308410644531,0.0
1,1,pureml,336.628173828125,336.628173828125,0.0
2,2,pureml,262.07220458984375,262.07220458984375,0.0
3,3,pureml,238.65936279296875,238.65936279296875,0.0
4,4,pureml,255.11386108398438,255.11386108398438,0.0
5,5,pureml,252.16017150878906,252.16017150878906,0.0
6,6,pureml,250.08914184570312,250.08914184570312,0.0
7,7,pureml,249.0684051513672,249.0684051513672,0.0
8,8,pureml,247.88613891601562,247.88613891601562,0.0
9,9,pureml,246.57955932617188,246.57955932617188,0.0
10,10,pureml,245.16241455078125,245.16241455078125,0.0
11,11,pureml,243.5822296142578,243.5822296142578,0.0
12,12,pureml,241.7705841064453,241.7705841064453,0.0
13,13,pureml,239.63330078125,239.63330078125,0.0
14,14,pureml,237.02859497070312,237.02859497070312,0.0
15,15,pureml,233.73074340820312,233.73074340820312,0.0
16,16,pureml,229.3638458251953,229.3638458251953,0.0
17,17,pureml,223.29464721679688,223.29464721679688,0.0
18,18,pureml,214.4681396484375,214.4681396484375,0.0
19,19,pureml,201.14857482910156,201.14857482910156,0.0
20,20,pureml,181.08834838867188,181.08834838867188,0.0
21,21,pureml,154.91265869140625,154.91265869140625,0.0
22,22,pureml,130.61341857910156,130.61341857910156,0.0
23,23,pureml,112.74066925048828,112.74066925048828,0.0
24,24,pureml,99.34696197509766,99.34696197509766,0.0
25,25,pureml,88.63751983642578,88.63751983642578,0.0
26,26,pureml,79.80880737304688,79.80880737304688,0.0
27,27,pureml,72.44435119628906,72.44435119628906,0.0
28,28,pureml,66.28590393066406,66.28590393066406,0.0
29,29,pureml,61.14567565917969,61.14567565917969,0.0
30,30,pureml,56.850791931152344,56.850791931152344,0.0
31,31,pureml,53.24082946777344,53.24082946777344,0.0
32,32,pureml,50.19860076904297,50.19860076904297,0.0
33,33,pureml,47.631874084472656,47.631874084472656,0.0
34,34,pureml,45.45241165161133,45.45241165161133,0.0
35,35,pureml,43.58081817626953,43.58081817626953,0.0
36,36,pureml,41.95234680175781,41.95234680175781,0.0
37,37,pureml,40.516746520996094,40.516746520996094,0.0
38,38,pureml,39.235877990722656,39.235877990722656,0.0
39,39,pureml,38.080833435058594,38.080833435058594,0.0
40,40,pureml,37.02988052368164,37.02988052368164,0.0
41,41,pureml,36.06632995605469,36.06632995605469,0.0
42,42,pureml,35.17732620239258,35.17732620239258,0.0
43,43,pureml,34.35289764404297,34.35289764404297,0.0
44,44,pureml,33.585079193115234,33.585079193115234,0.0
45,45,pureml,32.86758041381836,32.86758041381836,0.0
46,46,pureml,32.195194244384766,32.195194244384766,0.0
47,47,pureml,31.56368637084961,31.56368637084961,0.0
48,48,pureml,30.969459533691406,30.969459533691406,0.0
49,49,pureml,30.409523010253906,30.409523010253906,0.0
50,50,pureml,29.881271362304688,29.881271362304688,0.0
51,51,pureml,29.38241958618164,29.38241958618164,0.0
52,52,pureml,28.910964965820312,28.910964965820312,0.0
53,53,pureml,28.465164184570312,28.465164184570312,0.0
54,54,pureml,28.04338836669922,28.04338836669922,0.0
55,55,pureml,27.644222259521484,27.644222259521484,0.0
56,56,pureml,27.26630210876465,27.26630210876465,0.0
57,57,pureml,26.908451080322266,26.908451080322266,0.0
58,58,pureml,26.569515228271484,26.569515228271484,0.0
59,59,pureml,26.24843406677246,26.24843406677246,0.0
60,60,pureml,25.944250106811523,25.944250106811523,0.0
61,61,pureml,25.656036376953125,25.656036376953125,0.0
62,62,pureml,25.38292694091797,25.38292694091797,0.0
63,63,pureml,25.12408447265625,25.12408447265625,0.0
64,64,pureml,24.878751754760742,24.878751754760742,0.0
65,65,pureml,24.646207809448242,24.646207809448242,0.0
66,66,pureml,24.42574119567871,24.42574119567871,0.0
67,67,pureml,24.216737747192383,24.216737747192383,0.0
68,68,pureml,24.018508911132812,24.018508911132812,0.0
69,69,pureml,23.830547332763672,23.830547332763672,0.0
70,70,pureml,23.652257919311523,23.652257919311523,0.0
71,71,pureml,23.48311996459961,23.48311996459961,0.0
72,72,pureml,23.322656631469727,23.322656631469727,0.0
73,73,pureml,23.170358657836914,23.170358657836914,0.0
74,74,pureml,23.025827407836914,23.025827407836914,0.0
75,75,pureml,22.888608932495117,22.888608932495117,0.0
76,76,pureml,22.758358001708984,22.758358001708984,0.0
77,77,pureml,22.634647369384766,22.634647369384766,0.0
78,78,pureml,22.517147064208984,22.517147064208984,0.0
79,79,pureml,22.40553855895996,22.40553855895996,0.0
80,0,robd,27.035722732543945,2.0,64.58930206298828
81,1,robd,27.035722732543945,2.0,64.58930206298828
82,2,robd,27.035722732543945,2.0,64.58930206298828
83,3,robd,27.035722732543945,2.0,64.58930206298828
84,4,robd,27.035722732543945,2.0,64.58930206298828
85,5,robd,27.035722732543945,2.0,64.58930206298828
86,6,robd,27.035722732543945,2.0,64.58930206298828
87,7,robd,27.035722732543945,2.0,64.58930206298828
88,8,robd,27.035722732543945,2.0,64.58930206298828
89,9,robd,27.035722732543945,2.0,64.58930206298828
90,10,robd,27.035722732543945,2.0,64.58930206298828
91,11,robd,27.035722732543945,2.0,64.58930206298828
92,12,robd,27.035722732543945,2.0,64.58930206298828
93,13,robd,27.035722732543945,2.0,64.58930206298828
94,14,robd,27.035722732543945,2.0,64.58930206298828
95,15,robd,27.035722732543945,2.0,64.58930206298828
96,16,robd,27.035722732543945,2.0,64.58930206298828
97,17,robd,27.035722732543945,2.0,64.58930206298828
98,18,robd,27.035722732543945,2.0,64.58930206298828
99,19,robd,27.035722732543945,2.0,64.58930206298828
100,20,robd,27.035722732543945,2.0,64.58930206298828
101,21,robd,27.035722732543945,2.0,64.58930206298828
102,22,robd,27.035722732543945,2.0,64.58930206298828
103,23,robd,27.035722732543945,2.0,64.58930206298828
104,24,robd,27.035722732543945,2.0,64.58930206298828
105,25,robd,27.035722732543945,2.0,64.58930206298828
106,26,robd,27.035722732543945,2.0,64.58930206298828
107,27,robd,27.035722732543945,2.0,64.58930206298828
108,28,robd,27.035722732543945,2.0,64.58930206298828
109,29,robd,27.035722732543945,2.0,64.58930206298828
110,30,robd,27.035722732543945,2.0,64.58930206298828
111,31,robd,27.035722732543945,2.0,64.58930206298828
112,32,robd,27.035722732543945,2.0,64.58930206298828
113,33,robd,27.035722732543945,2.0,64.58930206298828
114,34,robd,27.035722732543945,2.0,64.58930206298828
115,35,robd,27.035722732543945,2.0,64.58930206298828
116,36,robd,27.035722732543945,2.0,64.58930206298828
117,37,robd,27.035722732543945,2.0,64.58930206298828
118,38,robd,27.035722732543945,2.0,64.58930206298828
119,39,robd,27.035722732543945,2.0,64.58930206298828
120,40,robd,27.035722732543945,2.0,64.58930206298828
121,41,robd,27.035722732543945,2.0,64.58930206298828
122,42,robd,27.035722732543945,2.0,64.58930206298828
123,43,robd,27.035722732543945,2.0,64.58930206298828
124,44,robd,27.035722732543945,2.0,64.58930206298828
125,45,robd,27.035722732543945,2.0,64.58930206298828
126,46,robd,27.035722732543945,2.0,64.58930206298828
127,47,robd,27.03989601135254,2.0,64.59973907470703
128,48,robd,27.035722732543945,2.0,64.58930206298828
129,49,robd,27.035722732543945,2.0,64.58930206298828
130,50,robd,27.035722732543945,2.0,64.58930206298828
131,51,robd,27.0358829498291,2.0,64.58970642089844
132,52,robd,27.035663604736328,2.0,64.58915710449219
133,53,robd,27.035722732543945,2.0,64.58930206298828
134,54,robd,27.035722732543945,2.0,64.58930206298828
135,55,robd,27.035722732543945,2.0,64.58930206298828
136,56,robd,27.035722732543945,2.0,64.58930206298828
137,57,robd,27.035722732543945,2.0,64.58930206298828
138,58,robd,27.035722732543945,2.0,64.58930206298828
139,59,robd,27.035722732543945,2.0,64.58930206298828
140,60,robd,27.035722732543945,2.0,64.58930206298828
141,61,robd,27.035722732543945,2.0,64.58930206298828
142,62,robd,27.035722732543945,2.0,64.58930206298828
143,63,robd,27.03363800048828,2.0,64.58409118652344
144,64,robd,27.035722732543945,2.0,64.58930206298828
145,65,robd,27.035722732543945,2.0,64.58930206298828
146,66,robd,27.035722732543945,2.0,64.58930206298828
147,67,robd,27.035722732543945,2.0,64.58930206298828
148,68,robd,27.035722732543945,2.0,64.58930206298828
149,69,robd,27.035722732543945,2.0,64.58930206298828
150,70,robd,27.035722732543945,2.0,64.58930206298828
151,71,robd,27.035722732543945,2.0,64.58930206298828
152,72,robd,27.035722732543945,2.0,64.58930206298828
153,73,robd,27.035722732543945,2.0,64.58930206298828
154,74,robd,27.035722732543945,2.0,64.58930206298828
155,75,robd,27.035722732543945,2.0,64.58930206298828
156,76,robd,27.035722732543945,2.0,64.58930206298828
157,77,robd,27.035722732543945,2.0,64.58930206298828
158,78,robd,27.035722732543945,2.0,64.58930206298828
159,79,robd,27.035722732543945,2.0,64.58930206298828
160,0,mlrobd,428.3308410644531,428.3308410644531,0.0
161,1,mlrobd,336.628173828125,336.628173828125,0.0
162,2,mlrobd,262.07220458984375,262.07220458984375,0.0
163,3,mlrobd,238.65936279296875,238.65936279296875,0.0
164,4,mlrobd,255.11386108398438,255.11386108398438,0.0
165,5,mlrobd,252.16017150878906,252.16017150878906,0.0
166,6,mlrobd,250.08914184570312,250.08914184570312,0.0
167,7,mlrobd,249.0684051513672,249.0684051513672,0.0
168,8,mlrobd,247.88613891601562,247.88613891601562,0.0
169,9,mlrobd,246.57955932617188,246.57955932617188,0.0
170,10,mlrobd,245.16241455078125,245.16241455078125,0.0
171,11,mlrobd,243.5822296142578,243.5822296142578,0.0
172,12,mlrobd,241.7705841064453,241.7705841064453,0.0
173,13,mlrobd,239.63330078125,239.63330078125,0.0
174,14,mlrobd,237.02859497070312,237.02859497070312,0.0
175,15,mlrobd,233.73074340820312,233.73074340820312,0.0
176,16,mlrobd,229.3638458251953,229.3638458251953,0.0
177,17,mlrobd,223.29464721679688,223.29464721679688,0.0
178,18,mlrobd,214.4681396484375,214.4681396484375,0.0
179,19,mlrobd,201.14857482910156,201.14857482910156,0.0
180,20,mlrobd,181.08834838867188,181.08834838867188,0.0
181,21,mlrobd,154.91265869140625,154.91265869140625,0.0
182,22,mlrobd,130.61341857910156,130.61341857910156,0.0
183,23,mlrobd,112.74066925048828,112.74066925048828,0.0
184,24,mlrobd,99.34696197509766,99.34696197509766,0.0
185,25,mlrobd,88.63751983642578,88.63751983642578,0.0
186,26,mlrobd,79.80880737304688,79.80880737304688,0.0
187,27,mlrobd,72.44435119628906,72.44435119628906,0.0
188,28,mlrobd,66.28590393066406,66.28590393066406,0.0
189,29,mlrobd,61.14567565917969,61.14567565917969,0.0
190,30,mlrobd,56.850791931152344,56.850791931152344,0.0
191,31,mlrobd,53.24082946777344,53.24082946777344,0.0
192,32,mlrobd,50.19860076904297,50.19860076904297,0.0
193,33,mlrobd,47.631874084472656,47.631874084472656,0.0
194,34,mlrobd,45.45241165161133,45.45241165161133,0.0
195,35,mlrobd,43.58081817626953,43.58081817626953,0.0
196,36,mlrobd,41.95234680175781,41.95234680175781,0.0
197,37,mlrobd,40.516746520996094,40.516746520996094,0.0
198,38,mlrobd,39.235877990722656,39.235877990722656,0.0
199,39,mlrobd,38.080833435058594,38.080833435058594,0.0
200,40,mlrobd,37.02988052368164,37.02988052368164,0.0
201,41,mlrobd,36.06632995605469,36.06632995605469,0.0
202,42,mlrobd,35.17732620239258,35.17732620239258,0.0
203,43,mlrobd,34.35289764404297,34.35289764404297,0.0
204,44,mlrobd,33.585079193115234,33.585079193115234,0.0
205,45,mlrobd,32.86758041381836,32.86758041381836,0.0
206,46,mlrobd,32.195194244384766,32.195194244384766,0.0
207,47,mlrobd,31.56368637084961,31.56368637084961,0.0
208,48,mlrobd,30.969459533691406,30.969459533691406,0.0
209,49,mlrobd,30.409523010253906,30.409523010253906,0.0
210,50,mlrobd,29.881271362304688,29.881271362304688,0.0
211,51,mlrobd,29.38241958618164,29.38241958618164,0.0
212,52,mlrobd,28.910964965820312,28.910964965820312,0.0
213,53,mlrobd,28.465164184570312,28.465164184570312,0.0
214,54,mlrobd,28.04338836669922,28.04338836669922,0.0
215,55,mlrobd,27.644222259521484,27.644222259521484,0.0
216,56,mlrobd,27.26630210876465,27.26630210876465,0.0
217,57,mlrobd,26.908451080322266,26.908451080322266,0.0
218,58,mlrobd,26.569515228271484,26.569515228271484,0.0
219,59,mlrobd,26.24843406677246,26.24843406677246,0.0
220,60,mlrobd,25.944250106811523,25.944250106811523,0.0
221,61,mlrobd,25.656036376953125,25.656036376953125,0.0
222,62,mlrobd,25.38292694091797,25.38292694091797,0.0
223,63,mlrobd,25.12408447265625,25.12408447265625,0.0
224,64,mlrobd,24.878751754760742,24.878751754760742,0.0
225,65,mlrobd,24.646207809448242,24.646207809448242,0.0
226,66,mlrobd,24.42574119567871,24.42574119567871,0.0
227,67,mlrobd,24.216737747192383,24.216737747192383,0.0
228,68,mlrobd,24.018508911132812,24.018508911132812,0.0
229,69,mlrobd,23.830547332763672,23.830547332763672,0.0
230,70,mlrobd,23.652257919311523,23.652257919311523,0.0
231,71,mlrobd,23.48311996459961,23.48311996459961,0.0
232,72,mlrobd,23.322656631469727,23.322656631469727,0.0
233,73,mlrobd,23.170358657836914,23.170358657836914,0.0
234,74,mlrobd,23.025827407836914,23.025827407836914,0.0
235,75,mlrobd,22.888608932495117,22.888608932495117,0.0
236,76,mlrobd,22.758358001708984,22.758358001708984,0.0
237,77,mlrobd,22.634647369384766,22.634647369384766,0.0
238,78,mlrobd,22.517147064208984,22.517147064208984,0.0
239,79,mlrobd,22.40553855895996,22.40553855895996,0.0
240,0,ecl20,27.035722732543945,2.0,64.58930206298828
241,1,ecl20,27.035722732543945,2.0,64.58930206298828
242,2,ecl20,27.035722732543945,2.0,64.58930206298828
243,3,ecl20,27.035722732543945,2.0,64.58930206298828
244,4,ecl20,27.035722732543945,2.0,64.58930206298828
245,5,ecl20,27.035722732543945,2.0,64.58930206298828
246,6,ecl20,27.035722732543945,2.0,64.58930206298828
247,7,ecl20,27.035722732543945,2.0,64.58930206298828
248,8,ecl20,27.035722732543945,2.0,64.58930206298828
249,9,ecl20,27.035722732543945,2.0,64.58930206298828
250,10,ecl20,27.035722732543945,2.0,64.58930206298828
251,11,ecl20,27.035722732543945,2.0,64.58930206298828
252,12,ecl20,27.035722732543945,2.0,64.58930206298828
253,13,ecl20,27.035722732543945,2.0,64.58930206298828
254,14,ecl20,27.035722732543945,2.0,64.58930206298828
255,15,ecl20,27.035722732543945,2.0,64.58930206298828
256,16,ecl20,27.035722732543945,2.0,64.58930206298828
257,17,ecl20,27.035722732543945,2.0,64.58930206298828
258,18,ecl20,27.035722732543945,2.0,64.58930206298828
259,19,ecl20,27.035722732543945,2.0,64.58930206298828
260,20,ecl20,27.035722732543945,2.0,64.58930206298828
261,21,ecl20,27.035722732543945,2.0,64.58930206298828
262,22,ecl20,27.035722732543945,2.0,64.58930206298828
263,23,ecl20,27.035722732543945,2.0,64.58930206298828
264,24,ecl20,27.035722732543945,2.0,64.58930206298828
265,25,ecl20,27.035722732543945,2.0,64.58930206298828
266,26,ecl20,27.035722732543945,2.0,64.58930206298828
267,27,ecl20,27.035722732543945,2.0,64.58930206298828
268,28,ecl20,27.035722732543945,2.0,64.58930206298828
269,29,ecl20,27.035722732543945,2.0,64.58930206298828
270,30,ecl20,27.035722732543945,2.0,64.58930206298828
271,31,ecl20,27.035722732543945,2.0,64.58930206298828
272,32,ecl20,27.035722732543945,2.0,64.58930206298828
273,33,ecl20,27.035722732543945,2.0,64.58930206298828
274,34,ecl20,27.035722732543945,2.0,64.58930206298828
275,35,ecl20,27.035722732543945,2.0,64.58930206298828
276,36,ecl20,27.035722732543945,2.0,64.58930206298828
277,37,ecl20,27.035722732543945,2.0,64.58930206298828
278,38,ecl20,27.035722732543945,2.0,64.58930206298828
279,39,ecl20,27.035722732543945,2.0,64.58930206298828
280,40,ecl20,27.035722732543945,2.0,64.58930206298828
281,41,ecl20,27.035722732543945,2.0,64.58930206298828
282,42,ecl20,27.035722732543945,2.0,64.58930206298828
283,43,ecl20,27.035722732543945,2.0,64.58930206298828
284,44,ecl20,27.035722732543945,2.0,64.58930206298828
285,45,ecl20,27.035722732543945,2.0,64.58930206298828
286,46,ecl20,27.035722732543945,2.0,64.58930206298828
287,47,ecl20,27.03989601135254,2.0,64.59973907470703
288,48,ecl20,27.035722732543945,2.0,64.58930206298828
289,49,ecl20,27.035722732543945,2.0,64.58930206298828
290,50,ecl20,27.035722732543945,2.0,64.58930206298828
291,51,ecl20,27.0358829498291,2.0,64.58970642089844
292,52,ecl20,27.035663604736328,2.0,64.58915710449219
293,53,ecl20,27.035722732543945,2.0,64.58930206298828
294,54,ecl20,27.035722732543945,2.0,64.58930206298828
295,55,ecl20,27.035722732543945,2.0,64.58930206298828
296,56,ecl20,27.035722732543945,2.0,64.58930206298828
297,57,ecl20,27.035722732543945,2.0,64.58930206298828
298,58,ecl20,27.035722732543945,2.0,64.58930206298828
299,59,ecl20,27.035722732543945,2.0,64.58930206298828
300,60,ecl20,27.035722732543945,2.0,64.58930206298828
301,61,ecl20,27.035722732543945,2.0,64.58930206298828
302,62,ecl20,27.035722732543945,2.0,64.58930206298828
303,63,ecl20,27.03363800048828,2.0,64.58409118652344
304,64,ecl20,27.035722732543945,2.0,64.58930206298828
305,65,ecl20,27.035722732543945,2.0,64.58930206298828
306,66,ecl20,27.035722732543945,2.0,64.58930206298828
307,67,ecl20,27.035722732543945,2.0,64.58930206298828
308,68,ecl20,27.035722732543945,2.0,64.58930206298828
309,69,ecl20,27.035722732543945,2.0,64.58930206298828
310,70,ecl20,27.035722732543945,2.0,64.58930206298828
311,71,ecl20,27.035722732543945,2.0,64.58930206298828
312,72,ecl20,27.035722732543945,2.0,64.58930206298828
313,73,ecl20,27.035722732543945,2.0,64.58930206298828
314,74,ecl20,27.035722732543945,2.0,64.58930206298828
315,75,ecl20,27.035722732543945,2.0,64.58930206298828
316,76,ecl20,27.035722732543945,2.0,64.58930206298828
317,77,ecl20,27.035722732543945,2.0,64.58930206298828
318,78,ecl20,27.035722732543945,2.0,64.58930206298828
319,79,ecl20,27.035722732543945,2.0,64.58930206298828
320,0,ecl20b,52.07144546508789,2.0,64.58930206298828
321,1,ecl20b,52.07144546508789,2.0,64.58930206298828
322,2,ecl20b,52.07144546508789,2.0,64.58930206298828
323,3,ecl20b,52.07144546508789,2.0,64.58930206298828
324,4,ecl20b,52.07144546508789,2.0,64.58930206298828
325,5,ecl20b,52.07144546508789,2.0,64.58930206298828
326,6,ecl20b,52.07144546508789,2.0,64.58930206298828
327,7,ecl20b,52.07144546508789,2.0,64.58930206298828
328,8,ecl20b,52.07144546508789,2.0,64.58930206298828
329,9,ecl20b,52.07144546508789,2.0,64.58930206298828
330,10,ecl20b,52.07144546508789,2.0,64.58930206298828
331,11,ecl20b,52.07144546508789,2.0,64.58930206298828
332,12,ecl20b,52.07144546508789,2.0,64.58930206298828
333,13,ecl20b,52.07144546508789,2.0,64.58930206298828
334,14,ecl20b,52.07144546508789,2.0,64.58930206298828
335,15,ecl20b,52.07144546508789,2.0,64.58930206298828
336,16,ecl20b,52.07144546508789,2.0,64.58930206298828
337,17,ecl20b,52.07144546508789,2.0,64.58930206298828
338,18,ecl20b,52.07144546508789,2.0,64.58930206298828
339,19,ecl20b,52.07144546508789,2.0,64.58930206298828
340,20,ecl20b,52.07144546508789,2.0,64.58930206298828
341,21,ecl20b,52.07144546508789,2.0,64.58930206298828
342,22,ecl20b,52.07144546508789,2.0,64.58930206298828
343,23,ecl20b,52.07144546508789,2.0,64.58930206298828
344,24,ecl20b,52.07144546508789,2.0,64.58930206298828
345,25,ecl20b,52.07144546508789,2.0,64.58930206298828
346,26,ecl20b,52.07144546508789,2.0,64.58930206298828
347,27,ecl20b,52.07144546508789,2.0,64.58930206298828
348,28,ecl20b,52.07144546508789,2.0,64.58930206298828
349,29,ecl20b,52.07144546508789,2.0,64.58930206298828
350,30,ecl20b,52.07144546508789,2.0,64.58930206298828
351,31,ecl20b,52.07144546508789,2.0,64.58930206298828
352,32,ecl20b,52.07144546508789,2.0,64.58930206298828
353,33,ecl20b,52.07144546508789,2.0,64.58930206298828
354,34,ecl20b,52.07144546508789,2.0,64.58930206298828
355,35,ecl20b,52.07144546508789,2.0,64.58930206298828
356,36,ecl20b,52.07144546508789,2.0,64.58930206298828
357,37,ecl20b,52.07144546508789,2.0,64.58930206298828
358,38,ecl20b,52.07144546508789,2.0,64.58930206298828
359,39,ecl20b,52.07144546508789,2.0,64.58930206298828
360,40,ecl20b,52.07144546508789,2.0,64.58930206298828
361,41,ecl20b,52.07144546508789,2.0,64.58930206298828
362,42,ecl20b,52.07144546508789,2.0,64.58930206298828
363,43,ecl20b,52.07144546508789,2.0,64.58930206298828
364,44,ecl20b,52.07144546508789,2.0,64.58930206298828
365,45,ecl20b,52.07144546508789,2.0,64.58930206298828
366,46,ecl20b,52.07144546508789,2.0,64.58930206298828
367,47,ecl20b,52.07144546508789,2.0,64.58930206298828
368,48,ecl20b,52.07144546508789,2.0,64.58930206298828
369,49,ecl20b,52.07144546508789,2.0,64.58930206298828
370,50,ecl20b,52.07144546508789,2.0,64.58930206298828
371,51,ecl20b,52.07144546508789,2.0,64.58930206298828
372,52,ecl20b,52.07144546508789,2.0,64.58930206298828
373,53,ecl20b,52.07144546508789,2.0,64.58930206298828
374,54,ecl20b,52.07144546508789,2.0,64.58930206298828
375,55,ecl20b,52.07144546508789,2.0,64.58930206298828
376,56,ecl20b,52.07144546508789,2.0,64.58930206298828
377,57,ecl20b,52.07144546508789,2.0,64.58930206298828
378,58,ecl20b,52.07144546508789,2.0,64.58930206298828
379,59,ecl20b,52.07144546508789,2.0,64.58930206298828
380,60,ecl20b,52.07144546508789,2.0,64.58930206298828
381,61,ecl20b,52.07144546508789,2.0,64.58930206298828
382,62,ecl20b,52.07144546508789,2.0,64.58930206298828
383,63,ecl20b,52.07144546508789,2.0,64.58930206298828
384,64,ecl20b,52.07144546508789,2.0,64.58930206298828
385,65,ecl20b,52.07144546508789,2.0,64.58930206298828
386,66,ecl20b,52.07144546508789,2.0,64.58930206298828
387,67,ecl20b,52.07144546508789,2.0,64.58930206298828
388,68,ecl20b,52.07144546508789,2.0,64.58930206298828
389,69,ecl20b,52.07144546508789,2.0,64.58930206298828
390,70,ecl20b,52.07144546508789,2.0,64.58930206298828
391,71,ecl20b,52.07144546508789,2.0,64.58930206298828
392,72,ecl20b,52.07144546508789,2.0,64.58930206298828
393,73,ecl20b,52.07144546508789,2.0,64.58930206298828
394,74,ecl20b,52.07144546508789,2.0,64.58930206298828
395,75,ecl20b,52.07144546508789,2.0,64.58930206298828
396,76,ecl20b,52.07144546508789,2.0,64.58930206298828
397,77,ecl20b,52.07144546508789,2.0,64.58930206298828
398,78,ecl20b,52.07144546508789,2.0,64.58930206298828
399,79,ecl20b,52.07144546508789,2.0,64.58930206298828
