,epoch,type,loss,loss_ml,loss_calib
0,0,pureml,428.3308410644531,428.3308410644531,0.0
1,1,pureml,336.628173828125,336.628173828125,0.0
2,2,pureml,262.07220458984375,262.07220458984375,0.0
3,3,pureml,238.65936279296875,238.65936279296875,0.0
4,4,pureml,255.11386108398438,255.11386108398438,0.0
5,5,pureml,252.16017150878906,252.16017150878906,0.0
6,6,pureml,250.08914184570312,250.08914184570312,0.0
7,7,pureml,249.0684051513672,249.0684051513672,0.0
8,8,pureml,247.88613891601562,247.88613891601562,0.0
9,9,pureml,246.57955932617188,246.57955932617188,0.0
10,10,pureml,245.16241455078125,245.16241455078125,0.0
11,11,pureml,243.5822296142578,243.5822296142578,0.0
12,12,pureml,241.7705841064453,241.7705841064453,0.0
13,13,pureml,239.63330078125,239.63330078125,0.0
14,14,pureml,237.02859497070312,237.02859497070312,0.0
15,15,pureml,233.73074340820312,233.73074340820312,0.0
16,16,pureml,229.3638458251953,229.3638458251953,0.0
17,17,pureml,223.29464721679688,223.29464721679688,0.0
18,18,pureml,214.4681396484375,214.4681396484375,0.0
19,19,pureml,201.14857482910156,201.14857482910156,0.0
20,20,pureml,181.08834838867188,181.08834838867188,0.0
21,21,pureml,154.91265869140625,154.91265869140625,0.0
22,22,pureml,130.61341857910156,130.61341857910156,0.0
23,23,pureml,112.74066925048828,112.74066925048828,0.0
24,24,pureml,99.34696197509766,99.34696197509766,0.0
25,25,pureml,88.63751983642578,88.63751983642578,0.0
26,26,pureml,79.80880737304688,79.80880737304688,0.0
27,27,pureml,72.44435119628906,72.44435119628906,0.0
28,28,pureml,66.28590393066406,66.28590393066406,0.0
29,29,pureml,61.14567565917969,61.14567565917969,0.0
30,30,pureml,56.850791931152344,56.850791931152344,0.0
31,31,pureml,53.24082946777344,53.24082946777344,0.0
32,32,pureml,50.19860076904297,50.19860076904297,0.0
33,33,pureml,47.631874084472656,47.631874084472656,0.0
34,34,pureml,45.45241165161133,45.45241165161133,0.0
35,35,pureml,43.58081817626953,43.58081817626953,0.0
36,36,pureml,41.95234680175781,41.95234680175781,0.0
37,37,pureml,40.516746520996094,40.516746520996094,0.0
38,38,pureml,39.235877990722656,39.235877990722656,0.0
39,39,pureml,38.080833435058594,38.080833435058594,0.0
40,40,pureml,37.02988052368164,37.02988052368164,0.0
41,41,pureml,36.06632995605469,36.06632995605469,0.0
42,42,pureml,35.17732620239258,35.17732620239258,0.0
43,43,pureml,34.35289764404297,34.35289764404297,0.0
44,44,pureml,33.585079193115234,33.585079193115234,0.0
45,45,pureml,32.86758041381836,32.86758041381836,0.0
46,46,pureml,32.195194244384766,32.195194244384766,0.0
47,47,pureml,31.56368637084961,31.56368637084961,0.0
48,48,pureml,30.969459533691406,30.969459533691406,0.0
49,49,pureml,30.409523010253906,30.409523010253906,0.0
50,50,pureml,29.881271362304688,29.881271362304688,0.0
51,51,pureml,29.38241958618164,29.38241958618164,0.0
52,52,pureml,28.910964965820312,28.910964965820312,0.0
53,53,pureml,28.465164184570312,28.465164184570312,0.0
54,54,pureml,28.04338836669922,28.04338836669922,0.0
55,55,pureml,27.644222259521484,27.644222259521484,0.0
56,56,pureml,27.26630210876465,27.26630210876465,0.0
57,57,pureml,26.908451080322266,26.908451080322266,0.0
58,58,pureml,26.569515228271484,26.569515228271484,0.0
59,59,pureml,26.24843406677246,26.24843406677246,0.0
60,60,pureml,25.944250106811523,25.944250106811523,0.0
61,61,pureml,25.656036376953125,25.656036376953125,0.0
62,62,pureml,25.38292694091797,25.38292694091797,0.0
63,63,pureml,25.12408447265625,25.12408447265625,0.0
64,64,pureml,24.878751754760742,24.878751754760742,0.0
65,65,pureml,24.646207809448242,24.646207809448242,0.0
66,66,pureml,24.42574119567871,24.42574119567871,0.0
67,67,pureml,24.216737747192383,24.216737747192383,0.0
68,68,pureml,24.018508911132812,24.018508911132812,0.0
69,69,pureml,23.830547332763672,23.830547332763672,0.0
70,70,pureml,23.652257919311523,23.652257919311523,0.0
71,71,pureml,23.48311996459961,23.48311996459961,0.0
72,72,pureml,23.322656631469727,23.322656631469727,0.0
73,73,pureml,23.170358657836914,23.170358657836914,0.0
74,74,pureml,23.025827407836914,23.025827407836914,0.0
75,75,pureml,22.888608932495117,22.888608932495117,0.0
76,76,pureml,22.758358001708984,22.758358001708984,0.0
77,77,pureml,22.634647369384766,22.634647369384766,0.0
78,78,pureml,22.517147064208984,22.517147064208984,0.0
79,79,pureml,22.40553855895996,22.40553855895996,0.0
80,0,robd,27.035709381103516,2.0,64.58927154541016
81,1,robd,27.035709381103516,2.0,64.58927154541016
82,2,robd,27.035709381103516,2.0,64.58927154541016
83,3,robd,27.035709381103516,2.0,64.58927154541016
84,4,robd,27.035709381103516,2.0,64.58927154541016
85,5,robd,27.035709381103516,2.0,64.58927154541016
86,6,robd,27.035709381103516,2.0,64.58927154541016
87,7,robd,27.035709381103516,2.0,64.58927154541016
88,8,robd,27.035709381103516,2.0,64.58927154541016
89,9,robd,27.035709381103516,2.0,64.58927154541016
90,10,robd,27.035709381103516,2.0,64.58927154541016
91,11,robd,27.035709381103516,2.0,64.58927154541016
92,12,robd,27.035709381103516,2.0,64.58927154541016
93,13,robd,27.035709381103516,2.0,64.58927154541016
94,14,robd,27.035709381103516,2.0,64.58927154541016
95,15,robd,27.035709381103516,2.0,64.58927154541016
96,16,robd,27.035709381103516,2.0,64.58927154541016
97,17,robd,27.035709381103516,2.0,64.58927154541016
98,18,robd,27.035709381103516,2.0,64.58927154541016
99,19,robd,27.035709381103516,2.0,64.58927154541016
100,20,robd,27.035709381103516,2.0,64.58927154541016
101,21,robd,27.035709381103516,2.0,64.58927154541016
102,22,robd,27.035709381103516,2.0,64.58927154541016
103,23,robd,27.035709381103516,2.0,64.58927154541016
104,24,robd,27.035709381103516,2.0,64.58927154541016
105,25,robd,27.035709381103516,2.0,64.58927154541016
106,26,robd,27.035709381103516,2.0,64.58927154541016
107,27,robd,27.035709381103516,2.0,64.58927154541016
108,28,robd,27.035709381103516,2.0,64.58927154541016
109,29,robd,27.035709381103516,2.0,64.58927154541016
110,30,robd,27.035709381103516,2.0,64.58927154541016
111,31,robd,27.035709381103516,2.0,64.58927154541016
112,32,robd,27.035709381103516,2.0,64.58927154541016
113,33,robd,27.035709381103516,2.0,64.58927154541016
114,34,robd,27.035709381103516,2.0,64.58927154541016
115,35,robd,27.035709381103516,2.0,64.58927154541016
116,36,robd,27.035709381103516,2.0,64.58927154541016
117,37,robd,27.035709381103516,2.0,64.58927154541016
118,38,robd,27.035709381103516,2.0,64.58927154541016
119,39,robd,27.035709381103516,2.0,64.58927154541016
120,40,robd,27.035709381103516,2.0,64.58927154541016
121,41,robd,27.035709381103516,2.0,64.58927154541016
122,42,robd,27.035709381103516,2.0,64.58927154541016
123,43,robd,27.035709381103516,2.0,64.58927154541016
124,44,robd,27.035709381103516,2.0,64.58927154541016
125,45,robd,27.035709381103516,2.0,64.58927154541016
126,46,robd,27.035709381103516,2.0,64.58927154541016
127,47,robd,27.035709381103516,2.0,64.58927154541016
128,48,robd,27.035709381103516,2.0,64.58927154541016
129,49,robd,27.035709381103516,2.0,64.58927154541016
130,50,robd,27.035709381103516,2.0,64.58927154541016
131,51,robd,27.035709381103516,2.0,64.58927154541016
132,52,robd,27.035709381103516,2.0,64.58927154541016
133,53,robd,27.035709381103516,2.0,64.58927154541016
134,54,robd,27.035709381103516,2.0,64.58927154541016
135,55,robd,27.035709381103516,2.0,64.58927154541016
136,56,robd,27.035709381103516,2.0,64.58927154541016
137,57,robd,27.035709381103516,2.0,64.58927154541016
138,58,robd,27.035709381103516,2.0,64.58927154541016
139,59,robd,27.035709381103516,2.0,64.58927154541016
140,60,robd,27.035709381103516,2.0,64.58927154541016
141,61,robd,27.035709381103516,2.0,64.58927154541016
142,62,robd,27.035709381103516,2.0,64.58927154541016
143,63,robd,27.035709381103516,2.0,64.58927154541016
144,64,robd,27.035709381103516,2.0,64.58927154541016
145,65,robd,27.035709381103516,2.0,64.58927154541016
146,66,robd,27.035709381103516,2.0,64.58927154541016
147,67,robd,27.035709381103516,2.0,64.58927154541016
148,68,robd,27.035709381103516,2.0,64.58927154541016
149,69,robd,27.035709381103516,2.0,64.58927154541016
150,70,robd,27.035709381103516,2.0,64.58927154541016
151,71,robd,27.035709381103516,2.0,64.58927154541016
152,72,robd,27.035709381103516,2.0,64.58927154541016
153,73,robd,27.035709381103516,2.0,64.58927154541016
154,74,robd,27.035709381103516,2.0,64.58927154541016
155,75,robd,27.035709381103516,2.0,64.58927154541016
156,76,robd,27.035709381103516,2.0,64.58927154541016
157,77,robd,27.035709381103516,2.0,64.58927154541016
158,78,robd,27.035709381103516,2.0,64.58927154541016
159,79,robd,27.035709381103516,2.0,64.58927154541016
160,0,mlrobd,428.3308410644531,428.3308410644531,0.0
161,1,mlrobd,336.628173828125,336.628173828125,0.0
162,2,mlrobd,262.07220458984375,262.07220458984375,0.0
163,3,mlrobd,238.65936279296875,238.65936279296875,0.0
164,4,mlrobd,255.11386108398438,255.11386108398438,0.0
165,5,mlrobd,252.16017150878906,252.16017150878906,0.0
166,6,mlrobd,250.08914184570312,250.08914184570312,0.0
167,7,mlrobd,249.0684051513672,249.0684051513672,0.0
168,8,mlrobd,247.88613891601562,247.88613891601562,0.0
169,9,mlrobd,246.57955932617188,246.57955932617188,0.0
170,10,mlrobd,245.16241455078125,245.16241455078125,0.0
171,11,mlrobd,243.5822296142578,243.5822296142578,0.0
172,12,mlrobd,241.7705841064453,241.7705841064453,0.0
173,13,mlrobd,239.63330078125,239.63330078125,0.0
174,14,mlrobd,237.02859497070312,237.02859497070312,0.0
175,15,mlrobd,233.73074340820312,233.73074340820312,0.0
176,16,mlrobd,229.3638458251953,229.3638458251953,0.0
177,17,mlrobd,223.29464721679688,223.29464721679688,0.0
178,18,mlrobd,214.4681396484375,214.4681396484375,0.0
179,19,mlrobd,201.14857482910156,201.14857482910156,0.0
180,20,mlrobd,181.08834838867188,181.08834838867188,0.0
181,21,mlrobd,154.91265869140625,154.91265869140625,0.0
182,22,mlrobd,130.61341857910156,130.61341857910156,0.0
183,23,mlrobd,112.74066925048828,112.74066925048828,0.0
184,24,mlrobd,99.34696197509766,99.34696197509766,0.0
185,25,mlrobd,88.63751983642578,88.63751983642578,0.0
186,26,mlrobd,79.80880737304688,79.80880737304688,0.0
187,27,mlrobd,72.44435119628906,72.44435119628906,0.0
188,28,mlrobd,66.28590393066406,66.28590393066406,0.0
189,29,mlrobd,61.14567565917969,61.14567565917969,0.0
190,30,mlrobd,56.850791931152344,56.850791931152344,0.0
191,31,mlrobd,53.24082946777344,53.24082946777344,0.0
192,32,mlrobd,50.19860076904297,50.19860076904297,0.0
193,33,mlrobd,47.631874084472656,47.631874084472656,0.0
194,34,mlrobd,45.45241165161133,45.45241165161133,0.0
195,35,mlrobd,43.58081817626953,43.58081817626953,0.0
196,36,mlrobd,41.95234680175781,41.95234680175781,0.0
197,37,mlrobd,40.516746520996094,40.516746520996094,0.0
198,38,mlrobd,39.235877990722656,39.235877990722656,0.0
199,39,mlrobd,38.080833435058594,38.080833435058594,0.0
200,40,mlrobd,37.02988052368164,37.02988052368164,0.0
201,41,mlrobd,36.06632995605469,36.06632995605469,0.0
202,42,mlrobd,35.17732620239258,35.17732620239258,0.0
203,43,mlrobd,34.35289764404297,34.35289764404297,0.0
204,44,mlrobd,33.585079193115234,33.585079193115234,0.0
205,45,mlrobd,32.86758041381836,32.86758041381836,0.0
206,46,mlrobd,32.195194244384766,32.195194244384766,0.0
207,47,mlrobd,31.56368637084961,31.56368637084961,0.0
208,48,mlrobd,30.969459533691406,30.969459533691406,0.0
209,49,mlrobd,30.409523010253906,30.409523010253906,0.0
210,50,mlrobd,29.881271362304688,29.881271362304688,0.0
211,51,mlrobd,29.38241958618164,29.38241958618164,0.0
212,52,mlrobd,28.910964965820312,28.910964965820312,0.0
213,53,mlrobd,28.465164184570312,28.465164184570312,0.0
214,54,mlrobd,28.04338836669922,28.04338836669922,0.0
215,55,mlrobd,27.644222259521484,27.644222259521484,0.0
216,56,mlrobd,27.26630210876465,27.26630210876465,0.0
217,57,mlrobd,26.908451080322266,26.908451080322266,0.0
218,58,mlrobd,26.569515228271484,26.569515228271484,0.0
219,59,mlrobd,26.24843406677246,26.24843406677246,0.0
220,60,mlrobd,25.944250106811523,25.944250106811523,0.0
221,61,mlrobd,25.656036376953125,25.656036376953125,0.0
222,62,mlrobd,25.38292694091797,25.38292694091797,0.0
223,63,mlrobd,25.12408447265625,25.12408447265625,0.0
224,64,mlrobd,24.878751754760742,24.878751754760742,0.0
225,65,mlrobd,24.646207809448242,24.646207809448242,0.0
226,66,mlrobd,24.42574119567871,24.42574119567871,0.0
227,67,mlrobd,24.216737747192383,24.216737747192383,0.0
228,68,mlrobd,24.018508911132812,24.018508911132812,0.0
229,69,mlrobd,23.830547332763672,23.830547332763672,0.0
230,70,mlrobd,23.652257919311523,23.652257919311523,0.0
231,71,mlrobd,23.48311996459961,23.48311996459961,0.0
232,72,mlrobd,23.322656631469727,23.322656631469727,0.0
233,73,mlrobd,23.170358657836914,23.170358657836914,0.0
234,74,mlrobd,23.025827407836914,23.025827407836914,0.0
235,75,mlrobd,22.888608932495117,22.888608932495117,0.0
236,76,mlrobd,22.758358001708984,22.758358001708984,0.0
237,77,mlrobd,22.634647369384766,22.634647369384766,0.0
238,78,mlrobd,22.517147064208984,22.517147064208984,0.0
239,79,mlrobd,22.40553855895996,22.40553855895996,0.0
240,0,ecl20,69.19308471679688,2.008112668991089,169.97055053710938
241,1,ecl20,56.55357360839844,2.0,138.38392639160156
242,2,ecl20,46.184322357177734,2.0,112.46080017089844
243,3,ecl20,42.654178619384766,2.0,103.63544464111328
244,4,ecl20,45.262550354003906,2.0,110.1563720703125
245,5,ecl20,45.049049377441406,2.0,109.62261962890625
246,6,ecl20,44.72529220581055,2.0,108.81322479248047
247,7,ecl20,44.598880767822266,2.0,108.49720001220703
248,8,ecl20,44.46642303466797,2.0,108.16605377197266
249,9,ecl20,44.325111389160156,2.0,107.81277465820312
250,10,ecl20,44.182498931884766,2.0,107.45624542236328
251,11,ecl20,44.034202575683594,2.0,107.08550262451172
252,12,ecl20,43.88025665283203,2.0,106.70063781738281
253,13,ecl20,43.71834945678711,2.0,106.29586791992188
254,14,ecl20,43.545345306396484,2.0,105.86335754394531
255,15,ecl20,43.356204986572266,2.0,105.39051055908203
256,16,ecl20,43.146766662597656,2.0,104.86691284179688
257,17,ecl20,42.914207458496094,2.0,104.28551483154297
258,18,ecl20,42.65248107910156,2.0,103.63119506835938
259,19,ecl20,42.35625076293945,2.0,102.890625
260,20,ecl20,42.017234802246094,2.0,102.04308319091797
261,21,ecl20,41.62651062011719,2.0,101.06627655029297
262,22,ecl20,41.16905212402344,2.0,99.92262268066406
263,23,ecl20,40.62385559082031,2.0,98.55963897705078
264,24,ecl20,39.95634460449219,2.0,96.89086151123047
265,25,ecl20,39.10932922363281,2.0,94.77332305908203
266,26,ecl20,37.969383239746094,2.0,91.92345428466797
267,27,ecl20,36.33867645263672,2.0,87.84668731689453
268,28,ecl20,33.986026763916016,2.0,81.9650650024414
269,29,ecl20,30.79704475402832,2.0,73.99260711669922
270,30,ecl20,27.364707946777344,2.0,65.4117660522461
271,31,ecl20,24.712074279785156,2.0,58.780181884765625
272,32,ecl20,22.897977828979492,2.0,54.24494171142578
273,33,ecl20,21.465761184692383,2.0,50.66440200805664
274,34,ecl20,20.210134506225586,2.0,47.525333404541016
275,35,ecl20,19.08360481262207,2.0,44.709007263183594
276,36,ecl20,18.06894874572754,2.0,42.17237091064453
277,37,ecl20,17.165199279785156,2.0,39.91299819946289
278,38,ecl20,16.373001098632812,2.0,37.93250274658203
279,39,ecl20,15.685564041137695,2.0,36.21390914916992
280,40,ecl20,15.091827392578125,2.0,34.72956848144531
281,41,ecl20,14.578893661499023,2.0,33.447235107421875
282,42,ecl20,14.134910583496094,2.0,32.337276458740234
283,43,ecl20,13.748985290527344,2.0,31.37246322631836
284,44,ecl20,13.411407470703125,2.0,30.528518676757812
285,45,ecl20,13.11494255065918,2.0,29.787355422973633
286,46,ecl20,12.853669166564941,2.0,29.134172439575195
287,47,ecl20,12.621343612670898,2.0,28.553359985351562
288,48,ecl20,12.413042068481445,2.0,28.03260612487793
289,49,ecl20,12.225785255432129,2.0,27.564462661743164
290,50,ecl20,12.055951118469238,2.0,27.139877319335938
291,51,ecl20,11.901361465454102,2.0,26.753402709960938
292,52,ecl20,11.759980201721191,2.0,26.39995002746582
293,53,ecl20,11.629916191101074,2.0,26.074790954589844
294,54,ecl20,11.50839900970459,2.0,25.770998001098633
295,55,ecl20,11.392980575561523,2.0,25.482452392578125
296,56,ecl20,11.28585433959961,2.0,25.214635848999023
297,57,ecl20,11.188581466674805,2.0,24.971452713012695
298,58,ecl20,11.098495483398438,2.0,24.746238708496094
299,59,ecl20,11.01401138305664,2.0,24.5350284576416
300,60,ecl20,10.934596061706543,2.0,24.336490631103516
301,61,ecl20,10.859773635864258,2.0,24.14943504333496
302,62,ecl20,10.78913688659668,2.0,23.972841262817383
303,63,ecl20,10.722360610961914,2.0,23.80590057373047
304,64,ecl20,10.659128189086914,2.0,23.6478214263916
305,65,ecl20,10.599194526672363,2.0,23.49798583984375
306,66,ecl20,10.542292594909668,2.0,23.355731964111328
307,67,ecl20,10.48823070526123,2.0,23.220577239990234
308,68,ecl20,10.436800956726074,2.0,23.092002868652344
309,69,ecl20,10.387826919555664,2.0,22.969568252563477
310,70,ecl20,10.341154098510742,2.0,22.85288429260254
311,71,ecl20,10.296635627746582,2.0,22.741588592529297
312,72,ecl20,10.254131317138672,2.0,22.63532829284668
313,73,ecl20,10.213521957397461,2.0,22.533803939819336
314,74,ecl20,10.174692153930664,2.0,22.436731338500977
315,75,ecl20,10.137526512145996,2.0,22.34381675720215
316,76,ecl20,10.101957321166992,2.0,22.254892349243164
317,77,ecl20,10.067859649658203,2.0,22.169649124145508
318,78,ecl20,10.035173416137695,2.0,22.087934494018555
319,79,ecl20,10.00381088256836,2.0,22.0095272064209
320,0,ecl20b,135.9795684814453,2.0076775550842285,169.4725341796875
321,1,ecl20b,110.46337127685547,2.0,137.57920837402344
322,2,ecl20b,89.79570770263672,2.0,111.74462890625
323,3,ecl20b,83.42272186279297,2.0,103.77839660644531
324,4,ecl20b,88.38186645507812,2.0,109.97732543945312
325,5,ecl20b,87.70674133300781,2.0,109.1334228515625
326,6,ecl20b,87.10863494873047,2.0,108.38578796386719
327,7,ecl20b,86.85848999023438,2.0,108.07311248779297
328,8,ecl20b,86.58501434326172,2.0,107.73126220703125
329,9,ecl20b,86.2940673828125,2.0,107.3675765991211
330,10,ecl20b,85.99774169921875,2.0,106.99717712402344
331,11,ecl20b,85.69119262695312,2.0,106.6139907836914
332,12,ecl20b,85.36752319335938,2.0,106.20939636230469
333,13,ecl20b,85.02090454101562,2.0,105.77613067626953
334,14,ecl20b,84.64358520507812,2.0,105.30448150634766
335,15,ecl20b,84.22683715820312,2.0,104.7835464477539
336,16,ecl20b,83.7601089477539,2.0,104.20013427734375
337,17,ecl20b,83.23260498046875,2.0,103.54075622558594
338,18,ecl20b,82.63323211669922,2.0,102.79153442382812
339,19,ecl20b,81.94717407226562,2.0,101.9339599609375
340,20,ecl20b,81.15515899658203,2.0,100.9439468383789
341,21,ecl20b,80.23101806640625,2.0,99.78876495361328
342,22,ecl20b,79.13601684570312,2.0,98.4200210571289
343,23,ecl20b,77.80470275878906,2.0,96.75587463378906
344,24,ecl20b,76.12029266357422,2.0,94.65036010742188
345,25,ecl20b,73.86212158203125,2.0,91.82765197753906
346,26,ecl20b,70.64154052734375,2.0,87.80192565917969
347,27,ecl20b,65.8906021118164,2.0,81.86325073242188
348,28,ecl20b,59.27275466918945,2.0,73.5909423828125
349,29,ecl20b,52.08401870727539,2.0,64.60501861572266
350,30,ecl20b,46.65394592285156,2.0,57.81742858886719
351,31,ecl20b,42.98282241821289,2.0,53.2285270690918
352,32,ecl20b,40.0493278503418,2.0,49.5616569519043
353,33,ecl20b,37.4660758972168,2.0,46.33259201049805
354,34,ecl20b,35.15360641479492,2.0,43.4420051574707
355,35,ecl20b,33.098350524902344,2.0,40.8729362487793
356,36,ecl20b,31.306921005249023,2.0,38.63365173339844
357,37,ecl20b,29.768749237060547,2.0,36.7109375
358,38,ecl20b,28.45440101623535,2.0,35.06800079345703
359,39,ecl20b,27.329702377319336,2.0,33.66212844848633
360,40,ecl20b,26.363689422607422,2.0,32.454612731933594
361,41,ecl20b,25.530399322509766,2.0,31.413000106811523
362,42,ecl20b,24.808086395263672,2.0,30.510108947753906
363,43,ecl20b,24.17901039123535,2.0,29.72376251220703
364,44,ecl20b,23.627927780151367,2.0,29.034910202026367
365,45,ecl20b,23.14144515991211,2.0,28.42680549621582
366,46,ecl20b,22.70902442932129,2.0,27.886280059814453
367,47,ecl20b,22.322315216064453,2.0,27.40289306640625
368,48,ecl20b,21.973787307739258,2.0,26.967233657836914
369,49,ecl20b,21.658037185668945,2.0,26.572546005249023
370,50,ecl20b,21.370250701904297,2.0,26.212814331054688
371,51,ecl20b,21.105947494506836,2.0,25.882434844970703
372,52,ecl20b,20.862653732299805,2.0,25.578317642211914
373,53,ecl20b,20.636478424072266,2.0,25.295597076416016
374,54,ecl20b,20.42778778076172,2.0,25.03473472595215
375,55,ecl20b,20.234384536743164,2.0,24.792980194091797
376,56,ecl20b,20.053863525390625,2.0,24.56732940673828
377,57,ecl20b,19.884977340698242,2.0,24.35622215270996
378,58,ecl20b,19.72661018371582,2.0,24.158262252807617
379,59,ecl20b,19.57779312133789,2.0,23.97224235534668
380,60,ecl20b,19.43769645690918,2.0,23.797121047973633
381,61,ecl20b,19.305583953857422,2.0,23.631980895996094
382,62,ecl20b,19.180810928344727,2.0,23.47601318359375
383,63,ecl20b,19.062795639038086,2.0,23.328495025634766
384,64,ecl20b,18.951030731201172,2.0,23.18878936767578
385,65,ecl20b,18.845043182373047,2.0,23.056304931640625
386,66,ecl20b,18.744426727294922,2.0,22.930532455444336
387,67,ecl20b,18.648805618286133,2.0,22.811006546020508
388,68,ecl20b,18.557830810546875,2.0,22.697288513183594
389,69,ecl20b,18.471189498901367,2.0,22.588987350463867
390,70,ecl20b,18.388612747192383,2.0,22.48576545715332
391,71,ecl20b,18.309829711914062,2.0,22.387287139892578
392,72,ecl20b,18.23461151123047,2.0,22.293264389038086
393,73,ecl20b,18.162717819213867,2.0,22.203397750854492
394,74,ecl20b,18.09396743774414,2.0,22.117460250854492
395,75,ecl20b,18.028162002563477,2.0,22.035202026367188
396,76,ecl20b,17.965116500854492,2.0,21.956396102905273
397,77,ecl20b,17.90469741821289,2.0,21.880870819091797
398,78,ecl20b,17.846744537353516,2.0,21.808429718017578
399,79,ecl20b,17.791095733642578,2.0,21.738868713378906
